%YAML:1.0
---
model_type: fisheye
camera_matrix: !!opencv-matrix
   rows: 3
   cols: 3
   dt: d
   data: [ 3.5405618845729629e+02, 0., 3.1950000000000000e+02, 0.,
       4.7137347844046661e+02, 2.3950000000000000e+02, 0., 0., 1. ]
dist_coeffs: !!opencv-matrix
   rows: 4
   cols: 1
   dt: d
   data: [ -6.9733465286327193e-02, -1.7083748724231726e-01,
       3.5985767851915362e-01, -2.4231890336370548e-01 ]
